100
35
7 13 27 32 19 26 14 25 17 23 2 6 20 10 24 21 8 1 11 33 30 4 28 3 12 16 9 29 22 18 31 35 34 5 15
52
15 21
29 25
32 34
7 23
21 22
29 29
20 20
23 22
10 5
8 12
5 19
14 28
11 14
34 14
8 30
30 30
9 32
28 25
15 17
24 26
24 29
34 25
29 26
18 31
18 34
33 12
27 3
24 5
13 16
27 33
30 35
15 16
32 32
10 32
34 9
27 25
33 34
24 31
18 24
31 15
29 33
3 20
8 10
34 35
4 31
14 35
27 32
27 35
11 24
30 31
30 34
33 33
29
20 16 9 17 8 18 22 25 5 27 11 1 7 6 24 13 15 12 26 19 2 3 14 10 23 4 21 29 28
1
29 28
25
11 9 1 2 16 17 7 18 21 8 12 22 14 10 24 19 25 3 4 13 5 6 23 20 15
2
11 1
11 9
9
8 6 3 7 1 5 9 2 4
5
8 8
1 2
6 6
9 6
7 4
21
5 4 13 18 7 10 15 3 11 17 16 19 8 21 12 9 1 20 2 14 6
0
20
13 12 17 9 14 3 16 6 7 19 2 4 1 11 15 10 5 20 18 8
0
45
45 24 39 1 38 37 25 4 19 30 20 44 14 13 22 3 42 41 9 21 2 36 18 43 32 7 28 27 16 31 34 6 35 15 8 5 11 33 17 26 12 40 29 10 23
15
23 27
40 43
34 26
31 34
7 26
39 36
41 42
34 35
9 31
23 38
29 41
16 40
9 27
41 41
38 43
12
3 11 12 2 9 6 5 10 7 1 4 8
2
1 8
1 4
30
29 8 7 15 12 5 14 13 2 19 10 21 27 20 17 6 25 9 3 30 1 28 24 16 4 23 11 18 26 22
15
21 5
5 30
14 5
5 27
5 17
5 1
25 5
13 5
20 5
10 5
5 6
5 19
5 3
9 5
2 5
10
1 10 6 9 8 7 2 4 3 5
9
8 8
7 2
5 4
9 3
3 6
4 8
2 2
6 9
7 4
42
17 36 33 30 42 3 10 1 40 34 13 18 25 20 8 9 35 23 39 14 19 7 38 28 31 26 2 5 12 11 41 29 6 37 32 22 4 24 27 21 16 15
3
28 38
38 5
38 11
24
13 4 11 7 12 15 3 18 19 24 2 23 1 8 20 6 9 5 22 10 14 16 21 17
6
20 8
10 8
9 8
8 22
8 6
5 8
18
13 12 7 14 3 8 16 18 9 2 11 10 17 4 6 5 1 15
7
2 14
17 17
16 9
3 7
3 2
9 2
15 15
36
27 13 1 14 23 12 18 32 33 8 3 20 17 16 29 36 4 21 34 7 26 9 28 10 15 11 22 5 2 19 35 24 31 30 6 25
2
22 2
5 22
49
43 12 13 10 29 5 11 35 27 30 42 15 19 6 47 3 28 24 34 18 14 41 20 21 38 9 8 25 1 22 2 26 17 4 40 44 39 45 49 33 32 31 7 48 36 46 23 37 16
11
24 8
24 14
1 24
24 20
24 18
25 24
9 24
24 38
24 41
24 21
24 34
14
9 8 1 12 4 7 14 3 5 13 10 2 11 6
24
4 3
4 12
11 14
11 2
11 11
8 2
13 14
7 10
6 14
12 12
5 6
4 8
5 12
11 10
9 13
1 5
8 1
6 7
13 6
6 10
4 10
5 8
1 1
12 11
7
1 4 3 2 5 6 7
1
4 1
28
12 24 21 5 20 7 10 15 26 16 3 18 8 23 17 19 14 11 6 13 27 9 25 1 2 4 28 22
5
3 13
3 19
3 6
18 3
11 3
30
27 2 15 14 29 23 4 20 16 24 7 5 6 22 19 17 8 11 26 1 30 28 13 10 25 18 21 12 9 3
12
2 14
16 18
29 25
15 24
6 11
19 17
18 19
18 9
15 12
14 18
30 28
27 28
25
12 25 20 4 17 6 10 21 8 7 1 11 19 24 2 15 18 5 22 13 3 23 16 9 14
3
17 10
17 8
17 21
35
24 6 15 1 21 8 29 7 31 26 17 28 13 3 14 25 12 35 11 33 4 32 34 30 27 9 20 5 22 18 23 10 2 16 19
19
14 4
14 10
14 16
25 14
14 22
14 34
14 9
12 14
14 18
30 14
27 14
14 33
14 2
14 5
14 11
14 23
14 20
14 32
35 14
20
17 20 2 8 6 13 15 7 5 19 4 9 1 18 14 12 16 11 10 3
16
16 18
13 17
20 12
17 20
16 19
19 17
19 13
15 18
8 19
3 3
9 8
9 14
4 14
14 11
6 9
11 8
15
4 1 14 15 3 13 9 7 5 8 6 11 12 10 2
3
7 5
6 7
7 8
11
7 11 2 3 6 10 8 5 9 4 1
0
36
11 15 17 4 23 8 2 32 36 34 20 30 27 31 18 33 9 22 6 3 5 19 24 21 7 26 25 16 10 28 29 12 13 35 1 14
70
17 7
18 23
33 24
13 33
33 36
35 36
26 33
29 35
33 6
36 6
20 35
25 3
12 31
4 27
34 23
34 34
1 9
4 36
14 34
11 20
35 9
27 34
13 20
33 35
30 36
2 26
16 19
35 35
26 26
13 35
31 16
36 32
15 35
26 29
4 14
29 31
24 23
31 31
23 30
21 33
26 4
8 8
20 34
14 33
28 35
13 16
32 30
19 2
29 8
2 28
35 32
16 24
13 25
35 1
33 25
6 22
29 30
15 34
26 34
31 33
23 35
34 35
5 17
4 31
22 36
11 15
1 10
9 27
1 25
30 34
45
29 14 13 11 2 33 36 17 28 40 44 18 15 35 30 27 39 31 42 16 19 38 8 41 22 37 32 24 45 9 23 1 4 5 6 12 34 3 21 43 10 26 25 7 20
10
2 43
3 2
2 9
2 6
2 12
2 18
2 15
21 2
24 2
2 30
13
5 2 8 1 10 11 12 6 4 13 3 9 7
9
11 5
8 5
5 4
1 5
5 13
10 5
6 5
5 12
5 2
36
13 34 6 7 14 21 10 1 19 2 29 35 8 26 30 9 32 33 12 11 4 23 15 17 27 3 20 25 24 22 28 18 36 16 5 31
53
15 21
6 18
16 26
6 15
15 30
33 36
35 25
35 16
21 28
29 29
21 31
3 13
29 32
34 21
22 35
9 26
30 30
6 11
30 36
33 35
16 28
35 35
32 36
22 25
3 15
31 31
30 23
4 20
34 36
23 19
8 23
27 30
9 25
35 30
19 35
9 34
36 27
28 24
25 27
7 21
28 15
6 22
29 33
21 35
3 23
23 29
14 26
34 35
5 23
32 12
9 24
8 22
24 24
10
10 5 3 9 7 1 4 6 8 2
6
3 8
3 4
1 3
3 7
3 9
3 6
20
19 17 10 7 5 8 20 3 12 16 11 15 6 14 13 1 2 18 4 9
17
8 19
19 14
17 19
1 19
7 19
19 20
19 10
16 19
19 6
19 13
19 3
19 12
18 19
19 2
19 15
5 19
19 11
32
13 14 16 20 17 10 6 12 31 24 9 28 32 21 29 5 22 18 30 15 8 7 4 3 2 27 25 19 11 26 23 1
62
24 30
18 6
13 27
26 27
15 27
31 32
4 15
4 21
5 10
9 8
22 26
22 3
14 28
27 4
18 17
14 11
3 31
27 28
11 11
21 19
24 19
14 2
2 17
7 7
23 13
25 28
25 25
31 25
15 26
31 16
24 32
13 32
14 4
31 31
24 14
30 27
29 28
30 32
9 7
24 25
18 18
25 27
24 31
28 15
25 6
7 18
31 26
4 16
22 27
27 20
22 24
17 19
16 8
1 4
4 31
8 19
10 16
19 19
29 5
19 22
15 2
11 30
21
7 21 1 16 12 14 10 9 8 18 2 6 3 20 19 11 4 13 15 5 17
14
7 1
20 7
7 10
7 16
19 7
7 3
7 9
7 6
7 12
2 7
7 21
7 18
7 8
7 14
37
1 9 10 20 18 15 27 28 31 13 11 8 22 21 23 19 14 2 26 17 12 32 30 6 24 29 3 7 34 37 25 5 4 33 16 36 35
4
3 29
29 37
34 29
29 7
22
19 2 20 11 3 12 9 18 17 8 13 5 10 4 21 1 16 6 15 22 14 7
33
20 7
4 6
22 21
20 20
22 14
21 19
1 9
14 2
15 17
6 14
18 22
8 4
17 4
9 16
21 5
9 19
11 19
10 20
14 12
20 21
3 11
3 14
4 13
17 5
17 19
9 15
22 17
3 2
11 15
1 16
18 11
21 2
11 7
21
4 16 15 6 3 18 9 21 12 17 14 10 19 11 2 13 20 1 5 8 7
3
13 20
13 5
13 1
26
20 16 21 17 18 2 9 6 7 15 1 13 24 8 5 26 11 4 25 22 23 10 19 12 14 3
2
24 5
24 11
9
1 5 9 8 6 4 3 7 2
16
4 4
8 8
8 3
4 2
1 2
5 8
1 1
7 5
1 4
7 9
6 7
9 8
5 6
6 6
5 9
8 7
30
14 15 22 12 28 18 25 24 11 26 7 10 3 1 30 29 27 19 5 9 21 17 16 2 4 23 20 13 6 8
11
26 21
26 5
26 1
26 30
26 27
7 26
26 10
29 26
26 19
26 3
26 9
26
9 10 19 6 25 22 3 20 26 11 14 1 4 18 24 16 15 12 2 21 13 8 5 23 7 17
1
5 8
44
44 22 21 39 19 4 2 36 17 3 27 25 26 42 15 20 1 30 11 35 16 8 43 13 34 5 7 23 31 41 24 18 28 9 38 29 12 33 10 40 37 6 32 14
52
33 36
40 32
43 43
24 42
32 16
38 38
26 42
33 33
21 4
22 32
38 31
40 23
40 34
31 41
34 14
11 17
28 36
27 19
13 23
33 35
13 26
25 31
32 36
13 35
34 25
18 14
41 26
12 5
28 22
4 20
44 39
20 43
37 38
1 20
28 11
13 13
30 41
28 26
6 25
33 16
29 30
6 31
26 43
23 26
20 27
25 19
4 40
17 25
19 28
37 37
30 31
30 40
38
3 27 22 36 8 33 17 13 31 12 29 37 21 18 38 34 2 10 20 4 1 7 19 30 6 5 24 26 11 15 23 9 16 28 25 32 14 35
1
5 24
39
32 36 17 3 26 10 30 7 13 14 20 2 5 24 1 19 8 35 12 23 25 31 21 29 27 11 18 15 22 33 4 16 38 28 9 37 34 6 39
1
31 21
26
13 7 24 11 12 10 20 1 22 8 26 3 15 21 16 2 25 23 4 17 14 9 18 19 6 5
33
7 23
18 20
5 7
25 21
3 19
9 17
19 21
2 14
23 9
20 11
16 16
26 24
23 6
12 12
3 9
8 4
4 14
22 25
12 24
14 24
19 20
9 25
13 13
2 22
18 7
23 23
14 17
5 14
20 14
17 25
1 25
25 26
24 24
21
20 2 8 14 21 17 3 15 18 4 7 5 13 19 6 9 12 1 11 16 10
1
12 1
9
2 3 6 7 8 5 4 1 9
0
11
3 5 8 2 9 7 6 1 11 4 10
9
4 10
10 11
2 7
9 9
8 6
1 4
10 10
6 3
8 11
45
30 45 19 13 43 8 20 5 39 16 3 25 9 41 26 40 37 31 15 23 32 1 38 29 2 44 36 11 10 21 18 12 33 27 17 14 42 35 24 34 22 7 28 4 6
5
10 21
10 27
33 10
10 12
10 18
11
11 3 10 9 7 4 1 2 8 5 6
1
2 1
44
18 42 44 29 23 35 43 11 14 15 30 28 20 13 6 5 22 32 31 37 16 38 3 12 9 41 21 34 26 40 33 2 10 4 7 24 17 25 1 27 39 8 36 19
47
16 38
35 39
18 35
12 22
29 38
21 31
39 42
12 31
31 38
21 37
34 34
5 28
43 23
36 40
9 23
4 39
41 42
5 6
16 34
38 40
31 20
7 43
28 29
5 33
10 23
31 9
17 32
28 38
41 41
10 38
44 43
32 44
18 30
14 17
5 14
29 42
39 40
3 17
43 39
14 32
34 44
1 16
43 37
11 30
15 18
33 11
27 41
8
3 7 1 6 2 8 5 4
2
8 4
5 8
32
24 11 26 1 12 16 32 30 9 28 18 29 19 14 6 10 13 25 23 8 22 7 31 4 20 17 3 15 27 2 21 5
2
19 14
19 6
23
5 21 16 22 9 17 7 8 2 13 19 11 23 6 15 14 20 10 3 1 4 18 12
33
18 23
18 20
4 9
4 12
23 22
14 22
17 21
17 18
11 11
2 14
1 18
13 17
20 2
15 17
21 21
22 22
12 5
8 11
10 9
21 5
13 11
7 15
18 21
7 4
23 21
20 21
4 4
12 17
1 1
20 14
4 22
19 22
14 7
11
6 4 3 10 1 2 11 8 5 9 7
2
9 5
5 7
35
33 13 31 27 1 2 30 12 23 25 14 5 11 7 22 24 19 10 16 20 18 26 6 4 34 3 15 28 32 29 8 17 35 21 9
6
32 21
8 32
32 17
32 29
32 35
32 9
45
36 9 12 27 17 39 43 6 3 42 2 37 41 8 35 38 30 21 14 44 40 28 10 34 7 24 19 13 1 11 5 20 16 23 45 18 22 33 32 26 4 15 29 31 25
16
40 31
19 36
1 9
41 42
36 36
19 20
18 35
26 42
2 45
42 44
7 6
5 10
41 41
24 7
35 40
42 42
7
5 4 2 1 3 7 6
2
7 1
1 3
21
4 8 6 13 15 14 9 20 12 2 17 18 21 11 16 7 19 3 10 5 1
6
8 14
8 20
8 13
8 9
8 6
15 8
26
9 12 1 23 19 25 14 7 22 5 11 26 15 6 3 13 2 18 4 16 8 10 21 17 24 20
29
15 24
3 4
18 20
25 21
25 14
22 26
10 12
20 11
25 25
16 22
21 21
4 14
5 12
22 22
4 26
8 14
13 13
10 26
13 19
6 16
18 24
4 16
24 20
23 26
9 12
5 20
19 19
17 25
7 11
23
9 2 17 3 18 15 19 10 23 13 7 22 11 20 21 4 1 12 8 14 6 5 16
7
1 11
11 20
11 12
21 11
8 11
11 14
11 4
23
20 5 19 11 8 22 21 1 23 16 10 17 13 14 12 7 9 4 6 3 18 15 2
8
14 4
14 7
14 6
3 14
9 14
12 14
18 14
14 15
49
33 15 24 36 43 23 25 31 44 37 4 18 1 12 5 20 19 41 13 46 9 32 29 38 26 7 30 47 27 2 48 28 16 42 40 35 6 39 8 10 22 11 21 3 17 45 14 49 34
5
40 45
42 44
48 31
43 48
21 46
29
28 14 27 7 5 24 6 8 17 15 1 13 23 12 29 10 18 16 3 11 20 26 2 22 25 21 4 9 19
1
21 4
16
9 13 11 2 12 4 1 8 15 16 7 3 14 5 6 10
5
5 15
14 15
15 7
16 15
15 3
13
4 3 13 6 11 1 7 2 8 12 5 10 9
11
8 8
1 2
13 4
1 5
11 13
12 4
10 10
12 12
4 11
5 12
11 3
24
22 4 3 1 23 17 20 12 8 6 19 2 11 13 7 14 9 18 5 15 10 16 21 24
0
30
28 19 15 10 16 13 4 30 8 23 25 11 14 29 18 2 3 24 7 6 20 17 5 27 21 12 9 26 22 1
0
33
11 6 10 4 32 13 14 20 31 27 3 5 26 9 12 19 7 23 8 2 22 28 16 33 15 25 18 1 30 21 29 24 17
28
18 26
23 20
31 32
14 22
17 30
10 18
27 28
13 14
30 33
3 3
20 22
12 18
29 28
28 32
11 25
7 15
19 6
15 28
29 30
4 19
22 24
31 33
14 20
29 23
32 23
28 31
7 11
24 24
24
18 24 15 3 20 9 12 2 1 16 8 6 4 21 23 10 7 5 17 22 13 14 19 11
9
15 8
1 15
15 20
15 16
15 6
15 3
9 15
12 15
15 2
41
37 22 32 15 16 8 29 24 39 5 3 20 7 2 10 28 34 41 17 19 13 12 25 14 1 38 40 33 21 36 11 4 18 9 30 27 23 35 26 6 31
0
9
3 9 2 6 7 8 5 1 4
12
4 4
3 8
5 5
7 7
9 4
8 6
5 7
6 7
1 7
8 9
2 6
3 9
40
9 12 20 23 8 1 11 21 5 39 30 19 37 27 34 29 28 13 35 17 2 33 22 6 10 4 38 25 26 14 24 16 3 18 40 36 32 7 15 31
16
6 18
31 6
6 15
6 40
24 6
14 6
6 4
7 6
6 36
6 26
6 32
6 16
6 25
6 10
3 6
38 6
44
14 2 27 30 44 4 6 19 12 41 31 43 8 18 23 10 26 34 15 33 37 40 32 36 11 5 7 13 17 29 39 35 21 22 38 42 25 3 16 20 28 1 24 9
6
35 42
35 3
25 35
35 38
35 22
21 35
41
28 21 30 8 35 23 26 18 3 20 4 14 22 2 12 37 36 10 11 19 31 13 6 15 39 1 38 17 27 7 40 33 9 32 41 34 16 24 25 29 5
68
12 6
26 16
25 32
29 18
15 4
29 32
37 37
21 34
22 14
8 12
21 40
23 31
34 37
21 37
28 30
23 25
41 40
14 34
27 31
39 37
9 35
13 26
25 25
38 11
36 10
16 22
41 33
32 13
35 41
37 18
4 17
23 24
20 37
16 9
14 30
31 40
8 23
36 36
4 41
37 41
19 35
32 32
7 15
2 31
35 37
35 40
12 14
6 22
7 27
21 26
38 39
14 17
39 40
23 35
23 5
8 10
28 28
25 19
17 28
10 16
3 38
37 40
1 16
11 18
14 41
19 28
41 12
7 8
42
19 21 15 5 26 18 13 2 39 10 36 41 12 8 16 40 14 24 3 34 32 27 35 28 17 23 22 6 37 11 33 38 1 42 31 20 9 7 29 4 30 25
7
9 37
37 38
37 31
37 11
33 37
1 37
7 37
11
5 10 2 7 9 1 3 4 8 6 11
2
3 1
1 4
20
13 2 16 10 14 11 15 20 3 6 1 7 17 19 9 8 5 12 18 4
4
19 19
7 16
10 2
7 4
45
4 15 29 5 8 30 17 19 26 43 31 27 23 21 12 38 11 37 44 39 20 35 7 36 41 25 1 13 6 2 32 28 24 33 14 3 40 10 34 18 9 16 42 22 45
9
24 36
1 36
36 13
36 32
36 6
25 36
36 28
36 41
36 2
42
2 37 4 27 20 34 6 21 8 10 41 39 22 23 42 36 9 31 1 11 19 38 24 7 14 17 3 28 26 13 35 15 18 33 5 30 40 32 16 29 25 12
14
27 2
2 4
2 23
42 2
2 20
2 10
2 39
2 22
2 6
41 2
2 37
2 21
34 2
8 2
22
5 4 14 12 7 15 19 16 9 13 8 11 20 18 3 2 1 17 22 21 6 10
32
4 3
20 20
3 10
14 22
17 21
3 22
9 11
17 18
8 15
19 21
11 11
9 20
2 20
13 20
22 16
18 22
3 6
20 22
14 18
14 15
14 21
5 12
1 2
13 11
13 16
2 22
7 21
4 10
2 9
11 15
1 16
7 8
46
17 20 18 31 30 21 29 11 9 28 25 10 45 24 37 32 6 42 2 3 8 5 33 41 27 39 16 12 22 14 40 43 44 19 13 4 38 7 15 23 1 26 46 34 36 35
7
30 32
30 29
30 41
30 10
25 30
30 28
30 37
18
16 11 15 1 18 9 6 2 17 4 3 14 12 7 10 8 13 5
11
18 4
18 17
18 7
18 10
18 3
18 9
18 6
18 12
2 18
18 8
18 14
9
6 3 1 7 4 5 8 2 9
16
8 8
5 5
7 7
3 4
5 8
4 9
3 7
4 6
7 9
7 6
9 3
3 6
6 6
5 9
7 4
8 2
26
22 12 18 5 25 6 4 10 3 19 13 14 20 24 2 9 1 11 23 7 8 17 21 15 26 16
1
1 9
48
12 40 10 17 1 25 9 32 28 4 3 22 7 13 45 16 33 47 38 8 35 39 24 15 14 23 42 19 34 46 29 21 6 41 30 43 31 18 27 5 26 11 44 20 37 2 36 48
29
33 42
33 39
33 2
33 5
33 11
33 8
33 14
33 23
20 33
26 33
33 29
35 33
33 38
33 44
41 33
33 47
33 19
31 33
33 37
33 34
33 43
33 46
33 6
18 33
33 15
21 33
24 33
30 33
33 27
39
34 27 26 13 39 5 4 1 6 14 23 30 12 17 35 20 33 2 37 22 9 16 29 8 11 21 36 28 15 3 31 25 7 10 38 24 18 19 32
2
12 24
13 24
16
12 8 1 11 5 2 4 13 6 9 14 16 15 3 7 10
1
6 9
30
12 13 28 5 26 3 9 16 18 20 25 10 23 8 19 7 22 11 27 21 14 17 4 24 15 1 2 6 29 30
6
29 4
4 6
4 2
4 15
4 24
1 4
43
31 12 3 40 14 43 5 8 41 15 35 38 28 36 11 9 13 32 33 20 10 27 23 34 25 7 39 21 29 22 24 4 19 30 17 6 16 42 37 26 1 2 18
70
20 16
15 42
23 22
39 39
5 13
38 41
42 42
21 40
21 17
20 38
8 18
5 31
27 31
34 43
27 35
36 43
27 40
32 9
7 10
33 32
39 32
13 7
15 20
27 1
6 17
19 39
31 16
1 36
28 18
26 35
32 42
16 40
25 34
4 11
39 41
22 25
7 40
43 29
14 30
11 30
23 33
8 17
42 34
34 39
5 33
17 35
17 38
31 30
10 35
9 37
42 43
37 35
23 21
3 14
33 29
23 23
13 4
29 36
14 5
14 14
39 18
36 20
34 35
34 4
2 18
27 29
6 6
15 2
10 22
33 33
29
8 4 27 2 21 18 3 9 28 11 25 5 19 13 1 14 17 16 6 26 24 22 7 29 20 10 15 12 23
0
46
3 32 23 24 26 5 21 31 1 41 25 14 35 40 29 28 11 13 44 9 45 17 4 16 6 18 38 34 43 2 12 46 20 19 8 27 22 39 10 33 15 36 7 30 37 42
11
31 11
31 40
31 14
31 1
31 13
31 29
31 35
25 31
31 44
31 28
31 41
902
568 232 350 842 518 716 732 273 458 653 615 735 188 58 283 279 722 838 223 683 56 841 877 248 225 795 669 153 704 73 205 424 485 800 90 646 849 873 602 155 34 482 394 758 469 437 864 560 741 491 792 588 898 662 460 33 666 100 265 271 563 545 451 401 832 755 114 189 799 247 119 144 183 884 260 382 556 43 878 590 210 592 323 727 160 583 306 18 524 230 867 287 459 284 786 35 435 625 651 399 125 861 172 468 99 390 796 766 23 408 139 798 623 42 72 264 140 567 173 163 533 25 200 377 414 730 528 218 694 880 494 162 168 686 481 326 670 532 586 82 196 480 120 411 255 182 542 515 249 698 6 207 406 455 803 296 705 254 527 807 316 813 806 291 192 501 98 395 885 454 571 895 836 474 699 581 194 252 565 104 354 821 589 537 78 277 138 808 599 256 233 353 759 762 311 181 314 293 736 464 514 21 793 59 765 484 830 627 20 886 819 297 814 896 187 442 299 817 767 46 45 601 856 503 123 70 159 635 407 575 488 624 124 122 83 63 253 500 608 441 754 385 797 343 244 823 74 497 743 381 317 236 712 315 301 751 848 177 276 696 853 744 412 605 857 685 530 364 245 466 76 430 872 522 693 425 127 154 731 345 802 764 858 804 844 305 338 614 165 147 865 175 596 477 302 375 645 238 715 206 658 342 611 644 690 286 478 420 707 67 190 621 539 674 779 746 703 50 863 852 161 650 180 274 128 661 773 665 770 538 52 438 448 121 339 492 566 258 137 584 632 352 490 415 777 344 373 251 879 29 733 242 96 166 839 473 267 738 756 526 150 433 91 547 860 250 199 778 640 24 330 637 631 428 226 220 573 285 499 335 845 11 57 782 695 321 68 51 831 95 429 826 13 290 876 447 659 141 721 901 134 552 170 761 185 211 535 506 356 622 263 816 521 7 810 677 569 866 540 62 570 341 357 889 475 149 423 303 300 649 179 742 513 892 511 689 899 543 79 443 93 197 275 667 71 657 347 489 847 529 652 463 811 368 444 554 365 278 562 843 610 219 212 639 348 106 862 37 824 340 65 379 633 509 612 30 450 307 266 874 5 461 44 470 582 1 672 148 361 419 367 336 719 790 332 656 432 3 572 517 402 769 295 775 422 359 897 152 692 457 355 893 781 585 369 576 75 241 36 318 616 126 135 471 508 174 890 607 167 109 724 427 720 81 828 142 393 638 49 259 268 201 214 697 531 151 516 502 668 328 840 525 595 549 110 752 436 346 186 228 725 112 384 718 80 4 479 202 289 304 12 243 498 319 41 400 818 69 487 835 334 418 312 536 673 869 324 131 626 564 617 737 281 512 753 322 701 691 629 648 663 195 555 763 28 544 221 103 64 783 714 768 272 613 630 208 647 551 115 465 397 405 851 553 374 84 523 209 504 619 440 671 760 143 636 198 239 257 558 709 550 376 398 723 642 587 410 171 812 310 681 366 403 372 453 546 164 875 386 387 294 684 593 881 53 117 822 86 446 579 383 664 486 850 456 747 169 894 309 620 888 654 787 313 452 40 229 774 634 700 854 351 846 145 224 39 868 462 308 66 14 378 371 675 711 682 726 887 88 776 48 184 111 618 900 641 519 27 204 749 598 132 113 493 603 729 380 107 129 116 541 262 688 118 680 363 855 282 834 660 757 577 38 234 349 548 32 431 85 270 157 337 871 561 717 92 557 108 734 708 801 859 47 9 217 261 60 495 360 882 702 739 61 870 54 19 678 609 788 55 791 578 510 426 16 333 215 594 750 805 396 745 472 827 496 246 520 31 833 580 604 505 413 235 606 597 837 467 331 358 2 434 784 445 628 476 891 483 449 176 789 362 676 389 820 600 679 591 409 643 77 713 146 728 193 15 825 136 780 794 740 439 388 292 102 94 227 133 156 809 101 534 785 370 237 327 710 222 507 655 288 158 748 8 231 325 280 329 10 203 687 421 772 105 815 298 213 26 883 574 392 404 240 87 97 191 902 771 216 17 391 417 178 320 559 269 416 130 22 829 89 706
1087
804 346
6 857
886 888
99 527
568 597
438 469
388 263
289 101
742 880
222 835
439 452
69 742
429 429
859 898
808 182
399 815
248 753
700 892
714 375
881 213
515 599
190 650
629 719
720 670
772 278
807 770
162 579
481 704
609 890
121 825
685 858
783 565
823 828
808 782
779 167
805 456
753 452
811 853
817 135
604 649
268 852
149 761
851 313
832 804
402 523
449 455
491 610
514 850
310 78
434 512
409 666
249 448
454 817
133 493
529 731
765 840
222 592
657 660
92 739
848 893
860 867
358 620
831 831
44 671
661 390
757 596
228 272
2 674
264 594
875 810
731 820
327 879
743 62
810 478
560 849
639 764
340 678
842 644
618 790
404 452
557 694
350 481
873 844
645 825
455 683
50 863
282 355
732 802
439 833
624 11
650 778
337 556
434 394
878 883
791 22
38 89
404 564
210 860
705 830
235 279
204 548
284 657
697 728
721 363
898 889
494 637
871 871
338 884
189 666
742 438
396 14
456 512
34 887
841 848
214 579
464 898
250 798
458 549
346 506
841 866
301 602
898 851
782 158
640 696
436 264
799 869
281 605
865 780
535 796
509 896
748 760
283 324
571 149
853 544
731 579
539 515
64 136
130 347
621 555
788 832
163 771
588 484
821 838
690 241
140 787
746 844
790 360
15 774
610 682
770 783
582 583
598 838
750 814
807 405
888 870
626 775
662 859
883 414
606 806
448 759
600 646
743 793
822 857
720 800
167 517
472 735
144 375
19 771
513 596
303 368
649 776
72 764
166 390
756 759
856 259
407 843
671 782
752 422
777 622
707 875
629 535
633 303
693 837
436 668
734 838
803 735
334 316
290 434
289 887
840 865
154 528
106 878
500 518
858 891
717 541
531 771
570 613
556 715
289 325
469 95
471 500
745 852
681 503
403 603
511 554
242 506
83 769
682 487
692 431
720 804
638 762
435 264
236 453
20 560
105 546
558 751
902 843
479 607
292 275
717 744
866 794
45 760
825 853
503 564
373 436
899 900
717 771
177 897
810 222
725 627
151 341
790 758
553 659
518 827
735 834
754 623
722 724
604 750
707 735
190 198
767 875
831 878
799 818
851 856
446 560
644 804
473 675
538 643
864 570
351 835
711 723
283 700
781 895
447 650
710 335
832 851
376 608
748 387
849 847
895 898
693 800
866 871
92 440
3 502
10 123
373 849
556 32
874 707
818 191
562 883
794 879
626 512
388 856
828 844
65 324
286 570
882 774
882 763
429 866
228 876
649 869
643 568
819 890
724 881
756 695
238 270
126 846
362 803
883 234
896 880
854 856
712 763
750 83
167 493
843 865
328 837
378 756
427 142
887 466
335 197
283 286
517 451
166 604
815 784
902 895
702 773
121 233
280 873
313 4
695 886
156 163
847 688
744 399
592 421
830 817
824 878
897 82
640 788
430 677
720 676
125 468
481 633
404 325
636 656
493 63
846 902
279 773
702 647
362 551
503 500
215 352
747 676
834 642
574 690
29 509
713 894
663 160
760 826
772 374
258 350
246 861
887 117
519 781
360 855
77 167
413 867
47 642
233 680
630 743
724 768
475 372
65 3
310 881
497 735
502 575
844 722
865 902
282 819
857 861
822 597
759 884
92 686
735 783
658 670
111 519
87 827
317 386
204 756
499 524
400 640
819 880
821 822
427 666
578 383
811 285
899 871
688 716
748 856
174 751
363 776
104 525
520 592
799 812
584 444
532 566
236 415
764 800
615 820
635 196
703 402
326 821
485 756
576 776
72 321
865 888
347 773
332 406
695 258
735 769
791 765
660 873
845 755
401 771
656 541
494 822
595 874
265 9
719 687
684 821
485 621
292 77
20 661
702 565
626 718
586 645
159 865
463 840
663 865
45 187
348 624
170 447
849 725
672 703
190 416
504 710
380 424
351 388
820 848
883 886
653 695
271 764
508 600
606 48
845 868
40 849
620 768
392 321
742 128
394 614
725 732
126 772
603 706
738 751
655 281
495 755
498 339
569 713
898 898
89 741
214 247
827 856
886 896
561 463
523 411
756 747
502 641
375 875
230 884
437 167
438 513
807 886
720 738
272 737
277 577
86 848
1 395
470 703
777 891
209 272
275 873
675 843
197 89
842 372
185 332
775 605
68 659
238 582
489 591
439 761
206 373
724 744
797 373
549 712
849 417
258 685
267 752
811 888
795 871
435 726
185 453
785 854
743 731
795 898
709 724
559 509
666 555
133 299
81 499
6 734
324 71
520 251
304 125
295 19
844 59
181 604
41 719
43 234
298 860
734 336
730 317
260 348
608 775
788 616
102 149
677 902
342 405
110 409
394 595
449 196
866 899
104 195
92 895
877 875
62 616
783 892
703 792
866 795
697 718
887 355
522 277
707 902
391 782
152 117
605 891
867 900
803 888
890 902
552 897
857 610
18 289
355 716
105 852
205 808
363 244
293 655
868 883
323 656
371 413
520 792
234 862
653 539
628 892
572 750
222 869
829 882
772 312
436 560
781 851
363 585
145 762
709 379
866 814
841 883
823 844
597 779
480 225
709 840
142 711
21 839
47 711
682 235
434 174
468 741
616 639
795 870
9 474
824 705
840 878
3 561
575 705
451 846
245 145
760 787
900 742
555 894
709 723
447 812
519 553
631 642
47 594
149 889
902 901
885 885
849 864
349 825
682 622
479 773
536 651
178 516
490 441
182 666
820 687
763 788
360 425
96 483
545 736
896 300
841 751
483 761
360 681
433 154
604 651
141 661
648 837
11 393
616 625
678 847
279 181
408 834
756 794
411 503
323 390
601 389
678 865
784 706
302 605
172 566
252 586
684 492
757 677
331 730
602 518
91 269
507 102
843 738
148 385
725 541
686 814
466 4
806 793
749 680
742 597
667 828
590 855
606 343
161 211
102 790
344 543
644 844
256 848
46 877
692 549
565 807
278 863
689 861
638 788
855 893
857 575
182 526
722 876
725 792
808 808
352 252
800 804
890 848
900 755
900 900
662 649
122 242
533 707
741 754
204 88
901 901
859 841
586 709
573 321
826 374
233 698
367 787
151 668
666 845
88 478
50 622
596 628
405 670
708 602
483 225
866 897
845 840
505 775
178 380
856 871
132 273
367 405
62 861
716 697
34 363
563 725
568 487
854 472
569 768
729 757
19 243
443 827
506 828
703 332
60 253
44 663
641 891
818 862
289 750
56 637
87 50
710 771
385 556
516 887
51 451
491 714
877 862
819 719
422 462
814 837
632 671
483 728
653 901
660 797
711 744
338 746
432 902
505 371
429 256
863 869
338 755
874 878
760 147
88 482
592 900
759 588
647 48
251 607
607 763
881 425
542 899
200 552
780 64
615 608
573 886
198 442
743 898
329 244
263 428
256 303
520 758
852 703
326 475
453 579
528 582
294 415
713 893
89 809
551 602
54 699
642 860
199 272
839 898
322 788
213 872
333 58
29 117
872 862
397 800
760 861
579 270
830 289
349 326
391 896
730 53
755 782
65 475
855 869
698 468
860 749
1 54
690 783
582 692
541 275
353 878
122 191
877 893
746 800
743 902
835 887
655 492
857 848
899 902
430 680
594 693
864 189
202 556
131 276
873 440
172 564
863 786
583 297
23 432
579 799
550 763
490 456
349 364
704 84
268 775
436 777
38 606
669 701
3 886
581 634
305 550
776 791
772 839
382 644
596 842
543 598
642 397
168 315
364 855
685 700
47 16
198 414
324 401
523 423
162 259
686 666
846 882
109 351
222 371
806 855
692 842
613 787
60 467
422 600
308 816
318 610
392 559
372 837
345 743
303 499
657 420
601 300
121 608
740 512
263 283
156 309
290 300
413 627
727 398
128 476
85 505
830 77
470 505
538 896
396 803
694 896
861 884
468 679
522 799
395 856
596 846
106 564
81 818
753 599
403 680
479 846
57 708
76 721
518 774
825 845
126 798
258 716
38 722
147 363
561 735
592 750
400 400
859 555
529 532
458 52
114 47
362 553
559 820
369 412
702 887
788 36
679 745
870 831
222 222
662 578
27 550
392 581
318 311
596 542
447 624
29 358
656 865
798 792
447 871
481 747
235 615
573 281
408 525
546 472
764 44
876 886
392 675
895 899
428 619
530 43
503 542
478 696
821 293
191 374
876 709
699 676
869 874
865 774
393 765
747 759
695 573
505 588
427 650
160 395
551 564
900 887
815 893
33 876
299 748
90 754
804 902
83 715
500 747
239 715
250 325
275 647
454 315
697 794
473 462
286 665
604 561
145 784
117 713
682 732
230 352
842 870
189 561
44 332
890 876
172 499
514 803
490 836
449 655
244 524
478 700
218 40
774 704
325 378
445 532
126 806
716 766
769 867
748 844
302 888
390 870
591 349
751 511
886 66
860 714
852 901
347 896
647 267
891 901
19 554
758 875
286 274
605 782
460 318
227 830
53 287
341 861
514 780
710 683
139 735
177 600
725 725
752 828
794 834
681 786
145 159
834 888
432 728
578 782
499 36
713 836
148 551
245 502
598 778
725 819
687 94
810 619
887 890
767 834
120 587
816 848
886 879
203 603
651 888
186 690
463 846
791 791
605 507
738 874
328 374
836 820
872 874
93 480
615 803
430 776
581 425
721 485
606 611
257 835
770 853
667 868
358 324
623 654
723 778
401 489
853 869
477 847
818 771
29 608
752 735
177 177
28 890
711 223
541 630
819 831
123 215
59 725
555 812
876 511
738 89
622 274
898 878
843 777
776 878
367 441
519 718
555 650
87 405
587 871
40 55
97 827
837 875
820 822
597 432
351 371
656 818
694 844
821 277
163 647
517 641
668 801
686 849
769 407
492 400
536 901
507 865
707 117
625 848
751 835
643 893
894 902
30 153
715 318
664 403
197 806
754 760
901 844
902
891 817 398 287 538 444 731 638 691 30 349 510 879 86 35 814 605 147 355 298 337 61 782 427 283 366 625 559 265 79 856 408 662 422 576 610 866 825 321 171 447 352 761 155 870 774 8 419 543 568 667 812 417 588 43 699 9 308 91 323 388 840 728 783 708 234 711 451 595 608 394 260 572 48 765 583 639 286 39 163 215 139 478 523 57 165 334 617 697 22 858 855 278 744 80 541 831 189 484 188 679 480 395 860 762 385 872 226 835 733 160 696 611 28 379 537 746 474 438 830 318 467 564 626 51 674 382 622 225 514 890 83 766 666 127 250 404 664 148 414 719 758 834 237 52 850 268 60 570 4 661 375 652 152 631 372 871 567 683 486 325 415 642 369 784 718 544 219 361 646 67 632 828 6 851 496 848 521 362 442 806 686 341 289 654 776 117 177 66 884 616 433 902 823 507 416 452 882 627 201 367 62 429 229 614 304 397 724 42 277 810 837 535 272 293 755 292 314 162 50 378 95 680 582 354 839 688 110 722 462 704 647 230 78 347 551 358 689 173 678 829 176 612 324 300 92 796 556 306 102 726 411 192 819 296 434 20 515 227 773 657 585 133 604 203 571 156 479 25 136 425 77 670 364 331 790 852 547 577 518 512 44 332 54 46 760 18 426 700 144 207 137 857 123 14 698 482 142 553 836 254 390 824 10 748 498 464 791 653 3 742 190 228 558 579 38 473 668 266 895 581 262 34 712 618 901 16 681 423 255 690 844 109 33 893 90 138 356 615 815 457 167 247 620 371 424 792 209 743 739 280 853 121 685 876 281 446 297 256 175 508 108 475 140 111 384 826 370 470 87 105 36 380 787 353 472 752 756 29 134 47 170 705 153 465 663 213 750 406 248 63 242 463 41 887 150 859 339 607 238 310 659 97 124 509 665 799 590 468 801 635 252 624 861 216 841 586 303 392 456 574 357 96 59 528 56 327 878 650 530 557 320 545 103 363 899 64 781 797 439 182 880 185 115 497 730 243 130 403 135 393 546 279 511 798 845 193 432 191 527 360 125 788 809 863 764 53 387 487 736 516 169 299 623 838 867 747 591 450 873 898 269 732 768 76 295 795 198 120 413 494 580 146 291 633 421 197 396 875 847 716 114 319 309 676 649 412 531 694 129 501 877 629 233 346 888 759 628 525 885 240 122 214 206 443 455 267 745 89 420 669 645 407 655 251 205 224 431 493 13 290 317 459 402 896 151 702 517 714 687 800 566 529 410 502 161 195 460 101 27 513 589 282 495 118 274 24 12 294 536 519 316 5 621 476 204 477 71 449 849 526 154 820 31 641 656 483 181 437 249 271 100 218 560 345 232 811 466 785 263 703 235 116 21 660 532 869 862 777 333 373 769 640 236 244 149 721 658 593 104 900 159 630 276 471 330 328 405 741 672 245 72 874 223 409 695 359 351 399 126 506 132 643 445 418 217 179 488 780 435 542 400 738 7 239 803 313 82 644 200 808 211 315 273 241 391 889 786 458 145 802 725 55 186 499 843 821 613 32 301 575 220 65 549 503 677 505 441 389 634 606 376 401 383 184 684 183 709 231 569 682 763 822 500 710 342 26 338 565 619 128 706 141 563 368 99 74 833 717 720 257 430 436 723 340 178 757 524 651 715 166 344 540 1 45 23 729 264 311 73 771 854 552 636 491 259 88 336 258 284 648 222 554 886 285 807 827 772 598 15 520 202 348 805 671 37 735 601 673 343 187 381 864 194 883 275 754 637 261 2 68 70 112 578 734 69 386 522 208 753 94 804 481 749 584 868 813 599 770 17 592 775 174 453 428 270 84 180 846 448 504 58 326 107 374 550 81 548 335 693 897 816 461 11 221 253 98 305 489 307 562 212 534 490 172 603 832 751 587 288 727 842 93 600 701 707 602 158 196 789 597 143 881 818 168 892 454 778 675 492 793 157 555 365 485 85 113 539 329 377 740 609 19 692 246 119 533 865 767 312 469 199 573 106 40 131 594 894 322 779 302 164 350 737 49 794 713 596 561 440 210 75
18
602 587
587 158
587 727
587 881
587 701
587 196
93 587
587 707
587 842
587 143
597 587
587 288
587 892
587 600
587 789
818 587
587 454
168 587
279
122 143 45 159 166 226 46 185 30 104 85 68 25 44 43 253 264 128 257 17 157 126 184 82 148 217 100 40 151 167 67 274 33 16 88 63 18 271 107 255 131 207 78 241 260 91 135 95 79 133 137 84 156 225 94 69 105 214 76 9 57 129 168 110 190 90 161 3 256 20 272 142 38 203 64 175 245 10 59 13 144 62 75 109 181 2 249 29 150 125 23 71 204 216 210 147 208 39 108 233 240 188 35 173 121 182 211 169 118 244 152 11 106 58 26 192 5 248 246 21 262 124 273 189 206 4 236 258 81 36 177 48 209 235 250 160 278 212 120 37 123 136 115 237 205 276 103 97 224 132 117 6 54 164 51 154 127 52 261 73 227 32 165 200 92 194 172 265 114 213 220 8 116 14 86 66 1 138 19 229 101 53 221 27 222 179 119 153 7 80 162 60 87 50 15 219 269 70 176 270 96 251 22 259 130 163 140 99 155 186 146 267 239 149 55 28 102 195 223 49 134 201 231 238 72 215 252 196 98 34 247 174 12 266 42 41 93 243 24 199 232 74 139 198 89 277 263 254 65 171 47 170 113 268 191 197 187 61 275 183 279 31 112 83 228 77 178 141 158 230 218 56 242 180 234 202 193 111 145
11
7 162
87 7
219 7
270 7
7 60
7 80
176 7
70 7
15 7
7 269
7 50
707
527 343 525 259 261 82 612 245 507 447 651 697 522 411 399 204 301 646 333 610 626 304 198 205 63 156 417 84 130 622 375 634 315 224 704 645 127 695 520 237 88 345 370 358 110 178 689 537 636 571 74 190 648 47 386 621 599 123 248 573 518 140 11 685 559 455 131 16 431 24 451 655 97 320 493 453 396 275 176 174 265 314 683 534 465 577 229 514 70 384 443 138 340 305 549 562 536 420 659 50 179 428 172 197 439 57 48 166 354 629 135 513 506 366 406 642 61 542 474 568 402 484 324 652 632 614 530 456 563 561 151 501 308 625 164 335 471 186 116 162 117 383 98 150 67 241 206 392 268 553 574 331 598 582 113 462 8 306 368 20 303 128 595 372 401 587 407 276 9 216 228 353 491 94 175 134 22 441 362 701 575 601 326 139 62 126 199 325 476 187 397 142 686 450 603 365 330 521 282 361 167 32 594 593 37 51 262 432 334 170 278 691 678 72 508 202 194 415 208 93 419 39 668 579 267 403 273 15 698 430 588 35 253 488 394 349 319 699 233 477 687 36 235 107 112 676 374 376 28 14 600 526 182 338 234 302 523 404 425 4 677 597 49 68 54 316 356 452 535 26 256 702 196 667 351 66 1 442 385 497 69 638 608 220 609 10 503 270 33 318 169 121 412 313 409 322 181 137 410 95 381 387 111 475 631 60 444 277 300 669 23 188 517 99 124 460 56 416 34 348 670 463 42 211 317 19 422 25 604 570 27 148 382 414 309 482 664 243 492 106 59 217 606 266 633 230 554 618 53 286 429 547 251 203 653 102 548 378 560 200 426 201 510 171 41 149 52 223 679 533 3 180 17 511 183 298 12 408 227 231 120 7 193 485 700 65 467 77 524 118 564 671 557 287 592 472 454 336 285 76 263 449 290 209 55 457 355 163 692 640 367 688 295 272 458 185 662 502 585 341 413 323 344 269 690 494 44 377 661 584 565 589 73 87 215 81 141 122 529 379 666 359 184 168 191 257 654 80 509 103 644 665 657 705 544 255 586 546 125 627 321 40 89 281 620 222 339 607 398 543 212 630 483 531 160 650 540 674 647 260 663 515 249 328 83 481 395 357 291 250 464 258 473 254 541 433 550 470 572 658 440 58 45 100 78 21 643 656 350 423 505 639 221 294 177 146 617 478 218 264 703 292 108 158 436 189 672 210 133 342 673 545 538 244 13 232 581 75 207 86 154 271 114 619 435 405 289 38 246 390 615 159 337 161 369 90 528 637 252 389 480 119 566 115 6 213 519 283 555 238 569 46 400 280 580 312 226 332 2 446 155 461 296 71 558 660 145 641 434 391 327 85 364 307 706 468 552 352 214 681 551 624 192 486 311 274 499 132 242 427 556 469 91 466 504 29 152 5 363 532 437 680 157 288 173 693 347 445 583 236 616 293 240 144 195 438 496 707 611 346 623 247 567 329 30 694 498 675 147 459 591 299 649 696 136 602 225 43 380 310 516 490 393 297 165 487 109 105 578 635 628 284 596 576 448 500 605 479 684 96 682 495 279 101 512 424 371 64 18 360 104 92 153 539 239 590 31 129 418 388 143 219 489 613 373 421 79
129
647 642
360 37
514 617
277 405
691 645
687 626
639 469
545 486
342 455
610 688
329 325
341 618
447 244
244 223
694 48
475 490
554 554
105 264
675 682
461 361
352 611
19 514
542 296
468 402
563 669
233 397
248 257
382 495
200 247
313 670
570 165
573 654
680 692
473 640
462 640
360 656
240 639
700 706
468 381
406 616
577 399
607 670
490 420
223 351
284 291
62 263
520 33
73 217
143 681
182 261
664 688
626 447
51 207
695 573
513 690
682 382
606 386
438 534
685 393
532 481
30 431
354 531
148 261
7 48
493 616
503 154
648 529
686 682
630 633
546 314
17 253
687 694
497 497
705 338
691 691
704 688
655 655
661 668
351 500
561 408
389 685
698 102
110 284
244 117
162 276
470 648
171 130
219 410
592 405
695 282
339 463
160 266
636 408
706 54
448 498
312 336
254 587
340 663
436 444
177 164
319 606
616 667
154 493
328 529
577 311
521 570
617 705
649 673
97 486
418 144
488 190
434 522
231 452
37 511
641 249
66 547
236 357
33 498
693 634
293 491
397 457
234 341
573 533
136 638
262 218
187 549
454 673
567 449
484 509
573
174 429 147 252 453 153 204 112 367 464 538 78 208 333 395 286 369 177 231 521 282 400 513 497 342 20 471 39 398 355 159 296 59 268 423 397 157 540 501 391 31 386 229 345 245 198 426 188 452 56 244 3 111 176 182 573 572 553 390 219 514 173 527 89 25 517 405 8 260 468 520 417 255 142 192 235 145 526 295 495 239 532 32 99 455 276 378 128 9 383 288 320 484 393 490 237 552 254 472 566 412 200 190 81 170 351 478 277 500 2 15 80 24 408 209 28 103 118 37 151 27 51 85 92 406 306 71 483 258 567 104 248 384 348 486 68 516 150 152 287 126 298 90 430 160 387 275 193 409 292 206 266 101 349 396 14 17 441 179 448 537 414 438 559 522 506 343 53 451 392 549 361 458 79 444 470 315 117 30 565 211 240 310 121 467 546 291 344 226 571 541 218 60 331 449 91 223 163 203 554 529 83 544 475 436 242 243 215 261 366 316 48 263 371 328 377 401 504 551 499 347 133 354 72 563 321 569 434 172 507 533 97 433 510 294 84 374 70 50 560 119 220 77 324 162 326 309 241 75 416 283 525 524 115 123 125 548 93 109 357 382 234 431 437 74 512 197 335 116 523 106 251 380 64 98 356 457 58 34 130 228 6 394 164 389 413 11 329 466 385 570 185 246 213 7 155 146 230 402 43 505 539 187 105 23 184 338 302 463 313 410 562 474 337 225 224 141 421 249 425 278 134 12 236 195 178 424 274 303 487 502 210 217 180 272 46 65 35 376 534 156 196 379 18 96 489 318 33 515 207 477 531 221 454 120 38 100 201 297 465 301 491 479 352 368 57 16 419 10 450 232 95 1 69 308 493 314 216 555 86 264 327 284 439 124 161 305 360 312 250 49 363 233 362 492 428 370 267 40 459 325 509 144 319 270 341 558 76 422 73 47 94 289 269 127 273 199 183 375 149 279 166 131 257 132 353 388 304 462 189 222 446 550 4 511 536 45 143 485 175 373 350 311 171 135 114 481 52 456 107 498 561 461 82 432 285 403 227 399 543 247 67 42 442 365 253 140 547 256 186 381 44 420 108 359 307 55 557 212 407 440 364 5 167 41 445 299 110 530 129 330 535 62 418 181 460 556 519 447 542 262 137 372 61 26 508 13 317 113 36 339 568 358 293 411 29 63 21 476 496 290 488 494 102 480 139 19 323 205 300 415 280 473 346 136 528 435 22 54 545 169 154 469 202 122 332 158 138 427 191 564 334 482 518 271 340 214 194 66 165 404 336 88 265 148 503 87 322 238 168 443 281 259
199
1 568
1 86
1 214
40 1
1 49
1 168
1 113
122 1
1 415
1 360
1 186
305 1
1 543
1 250
1 488
314 1
1 442
1 561
1 143
1 88
216 1
1 42
1 161
1 280
1 289
353 1
1 536
362 1
481 1
1 307
1 545
1 435
1 508
1 26
154 1
1 273
1 44
1 108
1 227
346 1
1 181
1 300
1 364
1 428
1 547
1 373
492 1
1 556
1 19
1 138
1 202
330 1
1 339
1 165
284 1
1 110
403 1
1 293
1 238
1 476
1 485
1 494
1 67
1 131
1 558
1 76
1 21
140 1
1 323
149 1
1 94
332 1
1 158
222 1
1 341
1 460
1 167
1 350
1 469
1 359
1 542
1 5
1 124
1 496
1 69
87 1
1 325
1 270
334 1
1 279
462 1
1 407
1 535
1 480
1 62
1 135
1 199
144 1
1 327
1 446
1 336
281 1
1 519
1 290
528 1
1 473
1 418
1 482
1 55
183 1
1 247
1 73
1 311
1 137
1 256
1 82
375 1
1 439
1 265
503 1
411 1
530 1
66 1
1 304
1 194
1 139
432 1
1 322
1 148
1 267
1 212
1 340
1 459
1 404
1 41
1 169
1 114
1 233
4 1
13 1
1 132
1 370
1 205
1 498
443 1
1 269
388 1
1 461
107 1
1 52
171 1
61 1
1 299
1 363
1 189
1 308
1 427
1 253
1 372
317 1
1 262
1 381
555 1
1 445
1 271
564 1
509 1
399 1
1 518
1 36
45 1
1 54
63 1
420 1
1 127
1 365
191 1
1 136
1 493
1 319
1 557
1 264
447 1
1 511
29 1
1 456
102 1
1 47
1 166
1 285
1 175
1 358
1 129
1 422
1 312
1 550
1 257
440 1
1 22
519
223 132 55 165 511 471 411 300 494 463 470 326 56 478 399 481 237 338 246 296 204 149 3 113 462 32 116 356 232 391 131 485 351 320 101 516 256 332 208 383 346 115 82 364 374 270 382 313 157 275 199 453 446 168 206 8 145 495 344 353 416 146 217 410 141 62 45 1 95 449 502 231 517 138 171 63 135 242 221 85 229 195 175 367 130 343 107 213 72 194 335 361 160 409 79 365 192 276 53 222 418 288 489 78 86 50 39 492 484 319 508 414 102 235 19 166 404 491 154 426 44 247 211 407 190 234 315 345 114 283 28 405 393 507 227 373 188 123 40 197 487 240 339 159 182 294 118 212 264 342 97 358 488 251 11 380 434 80 220 4 318 302 422 184 224 65 47 500 124 89 386 248 429 503 210 196 142 174 282 111 87 352 474 187 290 314 10 265 406 139 98 156 378 245 457 390 384 68 366 238 75 13 304 33 413 143 379 395 252 291 117 151 322 164 90 284 163 466 316 103 161 178 480 479 514 121 394 454 441 501 440 167 327 110 71 341 9 325 510 285 299 417 465 408 369 381 281 148 444 74 57 427 293 308 46 363 147 425 428 108 456 279 431 126 303 437 7 260 323 376 359 519 357 179 329 477 21 209 438 23 6 24 458 219 287 306 321 100 77 513 158 295 370 67 403 105 310 225 22 233 483 169 226 389 228 336 58 509 415 30 348 469 499 49 259 81 424 153 16 362 244 266 129 360 119 66 273 432 442 173 375 134 120 91 464 122 250 311 397 241 347 61 372 253 420 83 43 140 388 505 207 274 214 186 29 349 305 52 162 496 307 445 94 150 64 450 292 128 515 301 317 460 76 230 467 309 17 25 337 396 504 461 93 36 419 54 354 27 400 127 84 48 20 261 473 236 328 498 104 289 412 254 42 92 430 278 447 257 181 31 297 249 243 35 268 177 443 59 334 482 258 392 239 350 26 476 144 355 262 455 452 368 263 371 133 398 421 312 202 402 255 459 137 267 34 468 191 203 96 200 193 12 183 69 280 518 423 497 218 439 475 51 486 340 387 152 15 136 271 472 277 216 298 18 73 435 2 433 205 38 70 41 176 88 512 506 330 185 333 385 37 106 286 493 172 324 198 112 215 99 377 490 125 331 272 60 5 189 451 448 436 14 170 201 155 180 109 401 269
25
418 366
418 503
39 418
405 418
418 414
418 240
418 304
418 487
78 418
142 418
418 87
418 224
288 418
418 407
418 352
489 418
418 434
418 80
418 89
418 98
345 418
418 290
418 235
418 491
265 418
21
6 12 4 7 10 15 5 13 16 19 11 3 14 18 1 9 17 2 20 8 21
4
16 18
10 11
14 16
12 15
870
203 553 750 845 510 183 113 649 842 527 708 412 767 787 286 727 356 509 723 303 269 169 38 515 61 12 339 684 595 744 822 105 165 36 195 153 107 574 542 605 662 743 150 264 457 379 470 383 261 179 338 293 289 443 763 91 108 468 129 554 82 155 557 749 355 96 732 404 45 811 733 697 200 33 304 228 180 491 34 58 171 409 59 544 20 85 802 328 632 97 245 211 488 768 309 779 860 140 868 329 259 271 396 75 373 349 513 23 83 177 856 341 469 120 196 124 393 823 214 641 158 820 128 221 572 154 307 388 671 345 305 220 666 647 296 674 812 642 819 100 655 95 537 326 315 654 70 163 344 54 432 299 599 590 448 841 539 742 6 230 18 482 567 253 219 405 549 320 517 490 624 381 855 369 277 530 56 712 416 586 14 352 462 99 626 48 267 507 368 858 37 247 67 631 346 564 103 132 588 813 192 428 827 256 772 114 685 534 791 156 292 518 735 331 692 310 421 318 2 52 243 568 540 63 66 498 441 459 359 102 461 384 502 439 251 615 851 683 758 804 454 769 167 850 676 69 206 444 72 137 746 541 348 168 80 570 55 76 682 668 172 216 829 371 528 738 27 593 364 455 551 535 119 762 731 94 336 525 711 619 821 109 217 170 514 411 694 433 601 664 181 403 710 343 370 700 699 581 250 160 117 531 646 147 594 190 464 47 244 57 233 399 139 148 869 790 610 145 760 794 623 651 436 761 425 753 573 844 77 687 361 146 472 784 520 722 862 543 254 385 188 65 365 166 523 716 529 487 495 372 60 597 263 185 650 397 255 466 640 604 395 133 327 194 149 21 319 843 110 575 90 793 792 754 728 239 28 275 312 718 563 42 89 799 354 645 476 789 7 506 431 334 511 798 300 485 78 229 607 473 866 387 657 302 127 62 585 142 719 636 161 739 600 378 241 852 598 35 11 268 497 218 290 207 159 39 98 644 579 227 225 797 665 801 358 284 51 720 308 450 479 764 677 138 445 420 814 398 695 15 151 429 547 449 121 199 825 31 198 504 415 288 660 238 386 101 830 622 297 32 437 612 298 353 335 135 313 410 745 451 675 524 426 591 592 661 4 13 717 670 26 783 629 382 157 778 616 809 559 342 522 628 796 351 430 125 294 248 213 831 266 698 232 757 690 786 447 770 435 701 281 667 788 209 756 394 5 87 282 679 208 202 653 532 625 548 291 162 71 505 656 402 693 634 741 781 324 584 773 689 390 538 562 265 53 380 43 301 237 1 295 226 611 752 606 503 565 648 848 141 249 765 115 3 617 680 377 736 474 751 558 755 730 569 832 333 477 467 406 621 49 323 630 316 197 663 681 8 536 817 678 347 481 357 84 483 633 152 508 46 583 774 273 174 815 492 519 824 833 759 224 164 422 870 713 795 614 748 714 191 828 463 64 10 367 178 81 840 747 325 501 401 453 418 702 143 423 285 818 442 240 499 512 471 413 88 618 688 775 201 489 44 672 734 566 533 580 857 223 182 175 608 187 807 17 93 861 25 620 669 863 106 465 560 484 839 321 480 854 123 92 834 494 705 589 478 118 704 279 838 500 446 782 709 112 376 561 340 29 516 456 40 189 826 314 262 725 419 777 475 389 362 806 252 9 215 552 587 555 627 272 652 104 73 374 391 231 130 837 317 546 639 210 274 136 427 440 596 452 79 715 424 721 22 276 673 322 846 311 706 408 417 111 740 771 686 205 280 521 186 526 613 122 407 16 131 726 278 260 86 849 330 24 246 460 350 116 785 576 193 816 68 363 184 400 235 242 337 434 458 800 176 545 847 173 332 270 803 859 496 236 360 257 643 729 658 212 234 306 134 578 414 366 126 582 691 50 696 808 835 703 438 776 659 556 635 707 637 638 603 609 867 836 865 853 375 724 571 392 864 19 780 258 766 550 41 577 805 486 222 74 810 493 30 602 204 283 287 737 144
11
659 853
659 637
659 836
865 659
659 707
659 556
867 659
659 603
659 638
659 635
659 609
755
347 579 424 568 143 200 573 427 281 733 325 726 110 71 31 330 119 39 432 487 483 534 520 472 357 245 537 425 388 711 635 150 171 560 13 26 430 397 491 287 159 611 555 613 223 395 553 558 663 585 417 629 147 437 462 343 265 398 339 20 22 413 484 753 549 696 175 195 749 581 428 177 702 179 614 526 691 390 466 577 207 715 225 124 93 37 76 232 736 202 381 260 557 739 247 704 64 176 741 697 524 619 274 75 453 569 51 57 587 640 529 379 658 257 127 443 505 440 710 607 407 156 675 419 426 141 628 376 65 344 217 621 533 181 226 244 509 240 27 698 41 683 109 574 510 444 334 157 89 657 340 16 267 42 508 374 255 503 730 576 307 197 461 475 136 149 261 153 28 636 630 408 671 333 563 626 235 456 645 346 648 5 410 117 38 277 596 623 531 501 201 556 293 196 55 52 104 562 285 368 593 249 94 303 354 214 291 258 403 359 99 335 21 266 612 365 321 405 507 373 393 725 664 276 604 74 536 246 44 299 243 496 608 126 259 73 575 539 49 262 130 162 572 686 546 588 554 438 582 318 194 378 233 643 468 516 670 83 479 58 111 18 571 448 639 559 320 727 752 632 4 36 254 389 653 369 530 512 30 634 584 474 642 561 97 728 203 102 692 96 436 82 370 384 6 500 43 131 699 271 279 222 457 471 522 250 158 464 545 329 183 647 565 740 682 622 404 497 401 69 128 519 676 310 742 551 416 481 578 458 92 148 482 315 599 459 336 288 521 66 722 286 598 173 256 300 275 1 714 230 323 220 351 406 489 589 478 480 25 364 677 717 236 724 295 672 734 316 477 87 620 601 597 750 644 269 655 441 280 312 86 90 707 139 566 297 418 101 731 174 327 115 650 527 231 301 210 118 708 317 606 328 146 748 488 386 32 685 106 550 170 713 98 45 633 215 167 326 112 383 743 61 345 296 415 270 618 744 337 423 304 172 120 33 47 311 473 429 674 454 746 463 192 72 91 59 324 583 392 338 189 319 498 80 125 212 396 313 8 282 669 309 541 348 209 637 88 695 234 399 161 679 10 535 208 411 735 631 609 199 701 689 160 123 121 100 216 624 371 651 129 446 17 79 646 665 298 400 164 661 590 580 248 152 435 206 107 380 349 360 305 237 615 166 193 382 684 673 517 542 184 656 450 420 605 367 239 145 494 67 182 687 547 23 544 592 302 198 273 492 543 242 19 165 709 434 7 218 81 668 751 138 514 358 412 155 586 470 362 515 387 205 35 221 652 187 486 603 490 228 190 706 718 445 84 24 591 755 421 50 253 105 625 694 308 499 113 144 681 688 191 538 627 518 180 754 70 289 62 353 108 375 455 719 278 135 467 600 712 394 667 469 729 341 294 638 532 513 11 465 372 331 738 504 721 204 46 414 493 122 595 186 132 211 511 363 342 602 77 219 705 641 263 690 103 185 693 567 678 660 68 2 78 151 168 116 241 452 3 56 570 700 268 564 649 451 290 272 140 447 703 54 355 229 252 356 666 224 227 134 745 506 502 366 188 523 617 238 720 409 48 178 29 377 9 723 40 12 680 476 528 314 137 391 732 15 662 737 449 213 133 594 422 659 616 460 14 540 747 402 350 361 352 251 385 442 433 163 552 485 610 525 322 654 431 292 264 154 716 169 95 85 284 114 332 439 306 34 495 60 548 283 142 63 53
83
481 101
174 481
481 327
256 481
750 481
481 521
286 481
481 231
295 481
722 481
481 66
481 441
481 386
87 481
32 481
481 459
481 578
288 481
481 297
480 481
489 481
481 315
481 672
481 25
644 481
481 708
481 418
481 482
601 481
481 317
481 146
481 210
173 481
118 481
481 301
481 731
566 481
685 481
481 139
481 148
230 481
481 477
724 481
550 481
481 86
481 269
406 481
481 351
481 589
481 598
481 717
481 488
481 280
481 527
481 655
481 90
481 328
1 481
312 481
748 481
481 92
481 275
481 220
481 458
481 650
481 714
481 677
481 323
481 707
481 106
478 481
481 170
481 597
481 115
481 606
481 734
316 481
599 481
481 236
481 300
481 364
620 481
481 336
795
459 231 342 241 249 143 762 451 650 156 752 360 148 604 719 766 330 461 132 469 164 742 256 627 212 104 682 414 649 294 697 730 616 286 189 535 559 596 738 390 29 492 562 352 387 137 318 365 277 595 512 757 470 665 162 556 30 523 195 120 71 145 66 408 369 288 578 485 280 588 61 472 506 428 128 426 56 785 671 271 255 404 781 557 584 550 100 623 570 109 524 765 54 516 786 605 465 540 140 173 773 702 7 670 23 513 436 449 160 543 624 227 196 273 689 589 316 396 225 10 166 13 793 629 496 355 317 366 659 217 515 5 475 685 632 473 126 83 723 722 718 305 308 522 780 761 354 122 213 534 112 289 228 530 648 466 75 304 223 520 45 592 628 39 511 237 701 347 388 357 334 174 431 528 529 3 544 660 743 158 639 380 621 208 398 611 560 321 260 441 374 159 154 518 477 60 748 641 575 94 727 254 446 579 200 353 619 576 789 394 272 775 106 221 203 34 336 448 471 690 647 406 643 350 121 238 377 349 609 89 439 191 676 667 151 371 412 52 367 335 323 569 758 790 245 673 279 319 668 202 440 683 248 147 324 300 777 532 361 760 167 663 49 731 192 607 144 455 664 791 382 510 759 315 645 50 565 169 554 750 622 491 252 590 425 413 483 311 504 87 207 553 339 755 346 20 403 193 734 130 135 631 612 125 405 155 651 257 230 78 593 776 124 599 458 314 764 310 40 53 453 182 433 497 594 434 610 794 636 700 419 210 41 429 331 325 450 76 613 601 290 386 264 635 379 72 206 582 383 240 363 105 432 123 769 585 698 110 694 442 444 538 514 675 768 705 586 103 356 495 170 536 146 306 172 549 687 580 68 788 46 59 564 320 795 163 735 133 1 18 2 709 484 188 27 456 74 726 86 587 501 340 222 101 614 58 201 526 28 375 345 779 197 247 656 242 341 644 745 64 21 460 243 634 372 737 236 763 423 479 782 679 246 84 19 211 224 55 168 657 407 333 292 476 437 708 253 134 637 402 681 178 239 364 328 329 70 215 521 740 672 119 114 117 561 678 293 22 15 90 262 131 572 539 445 186 642 85 573 527 251 498 42 16 6 259 468 313 583 115 566 753 711 692 751 716 591 707 626 464 652 503 295 409 389 710 494 531 770 721 96 179 499 303 348 422 370 548 427 463 282 332 749 17 505 219 747 25 81 67 725 79 525 24 487 443 302 33 368 4 481 546 285 138 204 704 658 184 176 107 35 480 715 674 729 615 376 281 695 783 597 696 397 435 116 275 57 139 291 688 421 48 270 488 482 493 680 784 43 152 296 606 713 391 640 62 301 677 417 153 351 157 358 393 194 598 712 229 322 555 129 537 608 92 373 767 161 261 509 415 359 226 378 267 395 424 298 720 467 567 284 287 8 418 175 542 691 416 654 98 454 181 278 693 618 205 638 703 452 338 630 792 574 312 717 199 410 669 724 646 699 547 489 180 617 563 739 113 571 80 384 772 14 99 177 234 662 551 381 93 558 171 457 187 69 502 600 603 36 754 344 47 478 778 244 326 362 684 233 263 38 533 774 541 430 517 401 11 602 268 655 250 32 37 508 26 77 661 141 258 31 235 266 269 392 746 399 232 218 149 150 666 198 127 400 9 136 97 714 411 787 545 327 297 12 385 686 265 500 209 185 102 309 44 420 474 568 462 447 142 82 220 274 276 190 577 183 490 337 552 633 95 111 741 507 63 771 620 744 343 51 706 91 732 625 438 581 108 307 65 653 214 283 216 736 118 728 733 519 299 486 165 756 73 88
830
308 512
660 278
165 472
708 720
645 691
242 414
726 774
338 638
378 445
670 504
487 608
383 88
750 666
429 685
235 554
38 126
336 466
328 602
473 157
131 573
557 681
105 310
305 762
681 744
651 752
682 675
327 493
58 216
294 752
727 738
553 585
579 723
506 751
776 684
703 789
181 286
25 573
660 666
4 361
495 457
675 437
41 21
333 545
120 410
430 222
664 599
10 31
420 306
737 522
771 776
585 784
722 771
711 545
566 40
672 761
771 794
752 566
688 787
49 642
565 135
628 754
104 596
524 764
592 679
696 718
586 188
496 720
781 736
409 423
289 470
536 756
670 660
438 706
558 622
178 639
149 621
573 298
62 702
720 564
265 396
15 779
145 727
257 541
718 39
172 177
528 617
608 411
460 519
539 177
22 665
711 738
211 699
771 789
583 589
605 521
753 502
236 454
163 241
612 634
656 101
584 661
186 791
756 764
761 56
179 185
410 755
589 605
8 641
258 7
166 51
254 364
299 515
737 768
651 641
558 499
399 620
74 433
670 714
483 717
493 511
529 595
604 395
688 24
180 725
422 478
267 693
757 597
325 536
512 780
378 560
385 419
381 311
182 734
578 734
777 791
571 695
438 440
500 671
231 775
564 192
689 705
745 767
432 545
657 576
117 390
395 743
259 730
729 722
485 664
784 550
778 791
774 762
586 532
557 670
709 795
25 508
480 265
173 415
526 530
749 524
281 613
127 555
445 343
146 416
776 641
777 671
56 751
426 198
290 420
691 689
409 199
498 333
353 476
785 766
675 260
718 745
21 668
513 703
716 281
687 748
713 699
558 287
119 565
368 151
537 280
467 592
774 743
122 737
24 440
104 131
712 786
766 755
261 770
714 734
231 262
717 739
622 767
509 710
437 605
363 665
492 648
665 719
518 795
761 212
243 590
758 767
305 660
498 700
130 579
233 564
689 513
318 370
710 745
616 539
273 618
208 498
668 739
160 421
62 682
5 547
182 607
14 623
29 761
114 710
608 715
776 720
732 750
601 208
424 652
479 14
262 590
402 722
682 767
765 783
126 549
284 605
677 707
788 794
461 216
436 464
418 614
558 606
413 755
766 793
675 773
669 442
249 503
93 237
506 469
183 576
384 566
751 768
586 673
728 775
23 38
692 700
176 49
33 497
6 116
235 604
154 378
381 420
629 569
499 641
370 667
750 713
271 783
579 670
142 242
339 41
717 720
381 514
7 462
777 704
536 546
152 709
573 497
664 750
685 782
140 107
726 710
530 768
451 624
302 175
283 631
674 589
654 794
708 774
729 562
763 762
439 515
666 495
295 739
398 343
622 716
262 562
181 637
167 80
590 665
753 790
750 443
677 688
500 628
368 124
765 773
641 268
564 649
787 788
667 741
541 468
416 741
78 346
309 526
679 639
278 270
292 464
137 261
519 753
756 594
422 430
47 376
130 658
170 465
264 621
219 241
648 754
490 253
565 567
602 425
321 374
724 139
367 260
451 151
694 634
563 652
619 714
287 479
267 510
703 784
675 713
764 746
259 655
664 510
521 673
676 696
609 795
169 114
685 772
138 145
660 541
356 596
333 729
729 71
282 665
477 495
660 724
650 661
783 785
326 260
624 78
509 207
560 615
293 512
720 756
368 692
684 690
491 762
732 242
324 303
519 604
273 710
352 305
680 528
592 683
298 474
54 788
250 672
412 761
458 272
276 330
283 378
708 750
598 371
746 689
737 795
264 156
498 769
450 491
742 469
793 133
1 646
443 699
671 706
792 741
794 795
479 554
761 761
360 426
64 293
664 694
735 745
597 166
270 151
648 585
330 687
408 597
435 474
2 336
673 751
357 393
505 566
135 200
778 768
150 37
645 494
11 21
589 663
539 216
783 403
458 728
486 54
764 771
531 569
727 670
568 707
13 216
545 714
492 243
331 614
242 286
700 746
204 677
207 593
487 727
746 758
748 696
365 401
415 469
591 503
768 782
49 775
697 749
269 540
754 689
225 610
442 477
649 126
162 581
648 578
444 559
569 417
589 761
117 286
241 590
749 51
586 755
628 449
28 217
442 310
427 6
434 496
204 281
36 715
721 571
743 685
503 26
634 354
616 643
563 348
750 411
409 439
589 635
418 646
88 353
117 160
108 191
619 160
776 467
696 210
705 461
527 561
770 795
524 663
428 784
30 774
658 466
501 536
511 571
747 723
125 136
419 416
8 365
723 756
617 747
267 714
533 586
586 544
95 769
775 775
343 462
775 784
662 736
463 536
229 696
292 181
789 795
626 679
53 390
41 663
575 713
401 318
8 504
453 607
758 342
730 754
308 616
19 86
605 732
42 753
668 788
601 343
386 553
791 771
289 611
533 581
590 388
215 152
416 670
280 419
589 589
696 724
303 393
12 595
88 752
517 749
591 698
660 667
565 658
406 643
269 754
320 320
114 101
353 515
159 659
116 18
624 740
82 546
670 716
17 157
510 584
312 599
119 433
567 727
399 496
377 375
573 621
108 787
623 334
536 730
417 238
327 327
648 311
464 589
42 222
675 763
385 695
710 730
698 572
789 794
553 666
91 492
198 716
762 767
759 780
268 533
257 533
375 507
699 747
676 286
720 779
585 591
458 788
712 793
168 302
441 735
544 580
531 647
705 772
316 149
613 698
777 788
785 792
454 175
371 765
468 716
612 41
255 572
221 579
131 676
86 107
344 34
695 727
726 742
747 718
79 18
293 445
734 604
705 541
245 554
37 614
127 678
791 719
775 770
437 733
46 610
64 469
730 703
40 377
121 222
137 566
733 749
566 572
629 417
646 690
663 761
203 529
757 56
101 481
537 792
380 747
68 731
330 499
772 340
403 721
28 515
101 499
434 547
691 647
469 666
491 208
467 742
127 655
520 310
633 774
490 716
105 664
649 219
659 683
130 172
572 773
127 493
411 419
498 585
470 514
614 626
379 732
310 623
481 523
681 598
513 286
732 669
275 284
757 772
315 576
30 434
349 736
401 188
244 112
606 379
26 73
456 691
429 346
444 726
708 772
467 41
645 734
229 536
328 216
668 609
78 385
315 91
452 232
526 313
137 291
642 692
204 637
723 622
383 459
560 668
745 128
347 533
421 580
49 699
107 304
392 693
625 461
431 773
198 660
139 345
311 448
281 77
319 285
220 437
19 456
758 708
340 371
709 699
366 658
543 718
589 685
751 268
583 79
457 785
610 726
634 55
205 677
62 530
321 781
669 704
653 687
594 489
702 738
706 452
776 776
683 634
719 64
137 789
234 740
563 346
754 766
651 790
147 573
67 748
459 705
310 121
779 795
240 648
708 753
408 255
591 744
416 752
428 106
731 764
206 189
731 773
478 556
457 771
520 580
510 545
772 792
279 612
764 788
720 763
291 357
131 606
589 249
214 393
548 441
166 122
295 601
762 621
291 469
614 545
794 787
603 454
699 660
310 113
562 703
309 761
252 115
390 130
657 684
728 735
734 291
142 602
307 669
749 785
491 499
119 618
192 212
672 650
749 794
295 722
709 421
189 713
98 595
764 753
125 149
555 794
514 506
726 613
25 336
671 668
538 741
675 728
723 181
557 565
346 638
327 548
202 764
682 596
795 578
596 691
148 793
380 789
679 707
326 687
170 421
182 386
227 537
639 620
449 317
555 467
341 568
769 764
564 467
650 658
650 667
274 496
790 790
282 509
722 772
253 711
788 50
338 508
299 167
475 513
270 382
483 526
301 644
